-0.3029 -19.3641 10.7651 24.2051
-0.3019 -19.8689 12.5929 24.9191
-0.301 -17.0585 3.753 21.466
-0.3 -20.7507 15.8717 26.1999
-0.2991 -20.227 14.399 25.6246
-0.2981 -21.6223 19.1611 27.4848
-0.2972 -16.507 2.6972 21.0536
-0.2962 -17.1729 5.062 21.9773
-0.2953 -17.9438 7.7878 23.0421
-0.2944 -20.6854 17.0326 26.6534
-0.2934 -18.4484 9.8621 23.8524
-0.2925 -18.9434 11.7161 24.5766
-0.2915 -15.674 1.0367 20.405
-0.2906 -17.3549 6.8384 22.6712
-0.2896 -17.9323 8.9773 23.5068
-0.2887 -20.6422 18.312 27.1531
-0.2877 -19.6957 15.3557 25.9983
-0.2868 -18.8566 12.7429 24.9777
-0.2858 -19.8773 16.4405 26.4221
-0.2849 -19.0294 13.7829 25.3839
-0.2839 -20.6033 19.4056 27.5803
-0.283 -18.1168 11.1042 24.3376
-0.282 -16.5274 5.8397 22.2811
-0.2811 -16.1753 4.8232 21.8841
-0.2801 -15.8199 3.7879 21.4796
-0.2792 -19.7765 17.7864 26.9478
-0.2782 -15.4361 2.8391 21.109
-0.2773 -15.1058 1.8734 20.7318
-0.2763 -16.9574 8.5941 23.3571
-0.2754 -18.6353 14.7485 25.7611
-0.2744 -14.6452 0.8163 20.3189
-0.2735 -18.8314 15.9288 26.2222
-0.2725 -17.0232 9.705 23.791
-0.2716 -19.5564 19.0248 27.4316
-0.2707 -18.9085 16.9483 26.6204
-0.2697 -16.3156 7.8203 23.0548
-0.2688 -17.5533 12.5329 24.8957
-0.2678 -17.0456 10.9195 24.2654
-0.2669 -17.7248 13.6354 25.3263
-0.2659 -15.7895 6.7724 22.6455
-0.265 -15.4044 5.5704 22.1759
-0.264 -15.0891 4.6177 21.8038
-0.2631 -18.6161 17.9251 27.002
-0.2621 -13.7967 0.2237 20.0874
-0.2612 -14.377 2.5904 21.0119
-0.2602 -17.7366 15.4132 26.0208
-0.2593 -14.5391 3.6134 21.4115
-0.2583 -18.5341 18.9429 27.3996
-0.2574 -15.9401 9.3581 23.6555
-0.2564 -17.2387 14.5449 25.6816
-0.2555 -17.8145 17.0045 26.6424
-0.2545 -16.7454 13.1609 25.141
-0.2536 -16.0032 10.5484 24.1205
-0.2526 -16.2501 11.7466 24.5885
-0.2517 -15.1267 7.6252 22.9786
-0.2507 -14.7724 6.4742 22.529
-0.2498 -13.4016 1.3293 20.5193
-0.2488 -15.2028 8.6261 23.3696
-0.2479 -14.3519 5.5029 22.1496
-0.247 -17.0235 16.3271 26.3778
-0.246 -17.4192 18.1741 27.0993
-0.2451 -13.9505 4.5833 21.7904
-0.2441 -17.6132 19.5141 27.6227
-0.2432 -16.2223 14.1943 25.5446
-0.2422 -16.415 15.2404 25.9533
-0.2413 -14.9707 9.6421 23.7664
-0.2403 -13.415 3.5435 21.3842
-0.2394 -16.7272 17.3407 26.7737
-0.2384 -13.0301 2.4121 20.9422
-0.2375 -12.5633 0.7057 20.2757
-0.2365 -15.5492 13.3096 25.1991
-0.2356 -15.1604 11.9592 24.6716
-0.2346 -14.0455 7.56 22.9531
-0.2337 -16.7026 18.9702 27.4102
-0.2327 -16.026 16.4122 26.411
-0.2318 -14.5889 10.6104 24.1447
-0.2308 -14.0758 8.6901 23.3946
-0.2299 -13.5206 6.5738 22.5679
-0.2289 -13.1739 5.3337 22.0835
-0.228 -15.2004 14.3114 25.5904
-0.227 -12.2365 1.7651 20.6895
-0.2261 -12.7764 4.3424 21.6962
-0.2251 -15.2763 15.4994 26.0545
-0.2242 -15.8637 18.3671 27.1746
-0.2233 -15.5677 17.3687 26.7846
-0.2223 -13.7883 9.7993 23.8279
-0.2214 -12.2011 3.0161 21.1782
-0.2204 -14.4865 13.4579 25.257
-0.2195 -11.5117 0.4096 20.16
-0.2185 -13.1922 8.2084 23.2064
-0.2176 -14.9717 16.5254 26.4552
-0.2166 -13.9128 12.0199 24.6953
-0.2157 -13.5886 10.8269 24.2293
-0.2147 -15.4275 19.5412 27.6333
-0.2138 -12.6995 7.2987 22.8511
-0.2128 -12.4273 6.3079 22.464
-0.2119 -12.1388 5.232 22.0438
-0.2109 -14.2197 15.2116 25.942
-0.21 -12.8996 9.3264 23.6431
-0.209 -11.1818 1.5113 20.5904
-0.2081 -14.5072 17.5082 26.8391
-0.2071 -13.755 14.2529 25.5675
-0.2062 -11.2434 2.5548 20.998
-0.2052 -14.5506 18.6967 27.3034
-0.2043 -11.4358 3.9965 21.5611
-0.2033 -12.6938 10.362 24.0477
-0.2024 -13.9093 16.5819 26.4773
-0.2014 -13.0093 12.5028 24.8839
-0.2005 -12.0606 8.1439 23.1812
-0.1996 -12.6751 11.4721 24.4813
-0.1986 -14.2916 19.8114 27.7388
-0.1977 -11.6828 7.1347 22.787
-0.1967 -12.8972 13.5171 25.2801
-0.1958 -13.1866 15.2981 25.9758
-0.1948 -11.2747 5.9404 22.3205
-0.1939 -11.0192 4.9257 21.9241
-0.1929 -11.8545 9.4845 23.7049
-0.192 -13.5319 18.4221 27.1961
-0.191 -10.3051 2.0896 20.8162
-0.1901 -10.0642 1.11 20.4336
-0.1891 -13.1463 17.4803 26.8282
-0.1882 -12.5032 14.4574 25.6474
-0.1872 -12.8036 16.3838 26.3999
-0.1863 -10.4223 4.1005 21.6018
-0.1853 -11.9151 12.3523 24.8251
-0.1844 -13.2036 19.5953 27.6544
-0.1834 -11.4615 10.5794 24.1326
-0.1825 -11.0582 8.7221 23.4071
-0.1815 -9.4531 0.2981 20.1164
-0.1806 -11.8108 13.4875 25.2686
-0.1796 -12.1285 15.5855 26.0881
-0.1787 -10.5899 7.4295 22.9021
-0.1777 -11.2752 11.5637 24.5171
-0.1768 -9.7307 3.2628 21.2745
-0.1759 -10.2244 6.3412 22.477
-0.1749 -12.3612 18.7515 27.3248
-0.174 -9.911 5.198 22.0305
-0.173 -12.0461 17.7309 26.9261
-0.1721 -10.5786 9.6736 23.7788
-0.1711 -11.3861 14.6904 25.7384
-0.1702 -11.6662 16.6949 26.5214
-0.1692 -10.9196 12.7129 24.966
-0.1683 -9.0404 2.0176 20.7881
-0.1673 -11.9756 19.7034 27.6966
-0.1664 -10.4003 10.7342 24.193
-0.1654 -9.9666 8.4979 23.3195
-0.1645 -9.2073 4.2734 21.6693
-0.1635 -11.0529 15.786 26.1664
-0.1626 -10.6832 13.9301 25.4414
-0.1616 -11.3702 18.5321 27.2391
-0.1607 -9.5081 7.4622 22.9149
-0.1597 -8.3981 0.9266 20.362
-0.1588 -8.7272 3.298 21.2883
-0.1578 -9.185 6.5074 22.542
-0.1569 -10.8824 17.5918 26.8718
-0.1559 -9.9253 11.9289 24.6597
-0.155 -8.8281 5.2998 22.0702
-0.154 -9.506 10.0187 23.9136
-0.1531 -9.9269 13.1312 25.1294
-0.1522 -10.8349 19.4599 27.6015
-0.1512 -10.1102 15.1539 25.9195
-0.1503 -9.4235 11.0427 24.3136
-0.1493 -8.0756 2.4835 20.9701
-0.1484 -8.9655 8.786 23.432
-0.1474 -9.7061 14.165 25.5332
-0.1465 -8.1631 4.1351 21.6153
-0.1455 -9.8797 16.2136 26.3334
-0.1446 -7.519 0.4467 20.1745
-0.1436 -8.4504 7.2331 22.8254
-0.1427 -7.5824 1.5839 20.6187
-0.1417 -9.9024 18.2017 27.11
-0.1408 -8.1356 6.2079 22.425
-0.1398 -9.6273 17.2008 26.7191
-0.1389 -8.8918 12.4125 24.8486
-0.1379 -8.472 9.8307 23.8401
-0.137 -9.7777 19.7305 27.7072
-0.136 -7.4647 3.3331 21.302
-0.1351 -8.0878 8.3051 23.2442
-0.1341 -8.7576 13.6944 25.3494
-0.1332 -8.9714 15.7574 26.1552
-0.1322 -7.5292 5.4015 22.11
-0.1313 -8.2924 11.5942 24.529
-0.1303 -9.1917 18.9156 27.3889
-0.1294 -8.5856 14.7775 25.7725
-0.1285 -6.9202 2.3763 20.9282
-0.1275 -6.7015 1.0734 20.4193
-0.1266 -8.7741 17.7586 26.937
-0.1256 -7.0353 4.5146 21.7635
-0.1247 -8.5045 16.6667 26.5104
-0.1237 -7.3108 7.5926 22.9659
-0.1228 -7.9081 12.8925 25.0361
-0.1218 -7.0485 6.3745 22.49
-0.1209 -7.4509 10.1438 23.9624
-0.1199 -7.2705 9.1363 23.5689
-0.119 -6.1204 0.0 20.0
-0.118 -8.4331 19.9192 27.7809
-0.1171 -8.2113 18.6144 27.2712
-0.1161 -7.7674 15.3844 26.0095
-0.1152 -7.2401 11.3803 24.4454
-0.1142 -6.4979 5.4353 22.1232
-0.1133 -7.4501 14.2821 25.5789
-0.1123 -6.2112 3.8575 21.5068
-0.1114 -5.9283 1.8012 20.7036
-0.1104 -5.9886 2.8037 21.0952
-0.1095 -7.4887 16.9202 26.6095
-0.1085 -6.4775 8.2407 23.219
-0.1076 -6.3081 7.2004 22.8127
-0.1066 -6.8998 13.2502 25.1759
-0.1057 -7.4939 19.4328 27.5909
-0.1048 -7.2764 18.0082 27.0345
-0.1038 -6.3973 10.2062 23.9868
-0.1029 -6.5444 12.2014 24.7662
-0.1019 -6.7738 15.0383 25.8743
-0.101 -6.8236 16.1567 26.3112
-0.1 -6.061 9.1997 23.5936
-0.0991 -5.7125 6.2746 22.451
-0.0981 -6.1419 11.1964 24.3736
-0.0972 -6.3658 14.1064 25.5103
-0.0962 -4.9526 0.1118 20.0437
-0.0953 -6.6926 18.8336 27.3569
-0.0943 -4.9662 1.2928 20.505
-0.0934 -6.4241 17.3966 26.7955
-0.0924 -6.5998 20.0 27.8125
-0.0915 -4.9769 3.0514 21.192
-0.0905 -5.1137 5.1301 22.0039
-0.0896 -5.348 8.3373 23.2568
-0.0886 -5.7092 13.0418 25.0945
-0.0877 -4.8587 4.0659 21.5882
-0.0867 -5.3561 10.3931 24.0598
-0.0858 -5.7881 16.0998 26.289
-0.0848 -4.9781 7.3314 22.8638
-0.0839 -5.8387 18.2293 27.1208
-0.0829 -5.5119 15.0961 25.8969
-0.082 -5.2008 12.0804 24.7189
-0.0811 -4.9141 9.2948 23.6308
-0.0801 -4.2895 2.2331 20.8723
-0.0792 -5.6071 19.487 27.6121
-0.0782 -5.1134 14.0477 25.4874
-0.0773 -4.0326 0.8899 20.3476
-0.0763 -5.2386 17.3128 26.7628
-0.0754 -4.3247 6.0743 22.3728
-0.0744 -4.6497 11.1657 24.3616
-0.0735 -4.0163 3.3683 21.3157
-0.0725 -4.6628 12.9821 25.0711
-0.0716 -4.0068 4.6863 21.8306
-0.0706 -4.7429 15.8432 26.1888
-0.0697 -4.8705 18.587 27.2605
-0.0687 -4.2206 10.1125 23.9502
-0.0678 -3.9534 7.0361 22.7485
-0.0668 -3.432 0.0745 20.0291
-0.0659 -4.3571 14.8356 25.7952
-0.0649 -3.905 8.8498 23.457
-0.064 -4.5346 19.5682 27.6438
-0.063 -4.2948 16.8358 26.5765
-0.0621 -4.0457 13.8713 25.4185
-0.0611 -3.2603 2.0536 20.8022
-0.0602 -3.7957 11.777 24.6004
-0.0592 -4.0955 17.8419 26.9695
-0.0583 -3.3254 5.7725 22.2549
-0.0574 -2.9972 1.0001 20.3907
-0.0564 -3.6157 12.8327 25.0128
-0.0555 -3.2819 7.9175 23.0928
-0.0545 -3.8198 18.8062 27.3462
-0.0536 -2.9368 3.5785 21.3979
-0.0526 -3.5141 15.5281 26.0657
-0.0517 -2.9961 6.7393 22.6325
-0.0507 -2.8421 4.789 21.8707
-0.0498 -3.018 9.3897 23.6679
-0.0488 -3.2095 14.4866 25.6588
-0.0479 -3.2623 16.8921 26.5985
-0.0469 -2.4131 0.1864 20.0728
-0.046 -2.868 11.135 24.3496
-0.045 -2.8555 12.1712 24.7544
-0.0441 -2.856 13.5467 25.2917
-0.0431 -3.0672 19.8654 27.7599
-0.0422 -2.2539 2.1973 20.8583
-0.0412 -2.8533 17.9528 27.0128
-0.0403 -2.3061 6.0074 22.3466
-0.0393 -2.3448 8.3694 23.2693
-0.0384 -2.3612 10.2685 24.0111
-0.0374 -1.9625 1.1832 20.4622
-0.0365 -2.5632 18.9975 27.4209
-0.0355 -2.4006 16.2987 26.3667
-0.0346 -1.9083 3.927 21.534
-0.0337 -2.2378 15.2693 25.9646
-0.0327 -1.8396 5.028 21.9641
-0.0318 -2.0371 12.9224 25.0478
-0.0308 -1.7908 6.9044 22.697
-0.0299 -1.9481 14.0183 25.4759
-0.0289 -1.567 2.9807 21.1643
-0.028 -1.6958 9.4213 23.6802
-0.027 -1.8493 17.2288 26.73
-0.0261 -1.6382 11.6247 24.5409
-0.0251 -1.7863 19.8923 27.7704
-0.0242 -1.6794 18.2568 27.1316
-0.0232 -1.2015 0.5208 20.2034
-0.0223 -1.2739 5.9739 22.3336
-0.0213 -1.2729 8.4658 23.307
-0.0204 -1.3754 16.2704 26.3556
-0.0194 -1.0266 1.6202 20.6329
-0.0185 -1.1405 10.4863 24.0962
-0.0175 -1.1623 15.0672 25.8856
-0.0166 -1.0713 13.3689 25.2222
-0.0156 -0.8737 4.652 21.8172
-0.0147 -0.806 3.6484 21.4252
-0.0137 -0.8732 12.3221 24.8133
-0.0128 -0.8995 19.0793 27.4529
-0.0118 -0.8103 17.1728 26.7081
-0.0109 -0.6626 9.5791 23.7418
-0.01 -0.5862 7.6903 23.004
-0.009 -0.4848 2.626 21.0258
-0.0081 -0.5272 14.2236 25.5561
-0.0071 -0.4441 11.2578 24.3976
-0.0062 -0.4271 18.1188 27.0777
-0.0052 -0.2967 5.7052 22.2286
-0.0043 -0.247 6.7063 22.6196
-0.0033 -0.2362 19.9731 27.802
-0.0024 -0.1419 8.6581 23.3821
-0.0014 -0.0914 13.1014 25.1177
-0.0005 -0.0247 0.9633 20.3763
0.0005 0.0319 16.0713 26.2779
0.0014 0.0941 15.0094 25.863
0.0024 0.1312 4.1697 21.6288
0.0033 0.2041 10.2997 24.0233
0.0043 0.2913 17.0887 26.6753
0.0052 0.3663 19.0521 27.4422
0.0062 0.3898 12.0501 24.7071
0.0071 0.4633 13.9596 25.453
0.0081 0.4377 3.122 21.2195
0.009 0.531 7.7553 23.0294
0.01 0.5611 5.1641 22.0172
0.0109 0.5798 1.9816 20.7741
0.0118 0.8205 18.0359 27.0453
0.0128 0.7343 6.1746 22.412
0.0137 0.8561 11.0735 24.3256
0.0147 0.8857 9.0727 23.544
0.0156 1.1113 19.8384 27.7494
0.0166 1.0629 12.8626 25.0245
0.0175 1.1899 16.6384 26.4994
0.0185 1.2203 14.8066 25.7838
0.0194 1.0045 0.4838 20.189
0.0204 1.4282 18.8609 27.3675
0.0213 1.1753 3.8923 21.5204
0.0223 1.3675 10.175 23.9746
0.0232 1.3513 6.9703 22.7228
0.0242 1.5256 11.8985 24.6479
0.0251 1.6314 13.7239 25.3609
0.0261 1.7923 17.5361 26.85
0.027 1.4613 2.8746 21.1229
0.028 1.8706 15.6715 26.1217
0.0289 1.7107 7.9499 23.1054
0.0299 1.5789 1.6565 20.6471
0.0308 2.1827 19.6224 27.665
0.0318 1.811 5.8061 22.268
0.0327 1.8307 4.7548 21.8573
0.0337 2.0934 10.9811 24.2895
0.0346 2.2798 14.6613 25.7271
0.0355 2.4839 18.6419 27.282
0.0365 2.4812 16.7513 26.5435
0.0374 2.3854 12.4727 24.8721
0.0384 2.3504 9.9874 23.9013
0.0393 2.1603 3.6833 21.4388
0.0403 2.0894 0.6318 20.2468
0.0412 2.6728 13.5763 25.3032
0.0422 2.454 6.9374 22.7099
0.0431 2.5987 9.0091 23.5192
0.0441 3.0393 17.7031 26.9153
0.045 2.4206 2.5192 20.9841
0.046 3.0662 15.442 26.032
0.0469 3.3144 19.3785 27.5697
0.0479 3.0041 11.5026 24.4932
0.0488 2.7639 5.3676 22.0967
0.0498 3.269 14.4282 25.636
0.0507 3.0075 8.047 23.1434
0.0517 2.722 1.4386 20.562
0.0526 3.5651 16.4971 26.4442
0.0536 3.4121 12.4426 24.8604
0.0545 3.8004 18.4496 27.2069
0.0555 3.3829 9.7365 23.8033
0.0564 3.1343 4.3079 21.6828
0.0574 3.7107 13.4282 25.2454
0.0583 3.1768 3.2277 21.2608
0.0592 3.4526 7.0032 22.7356
0.0602 3.7309 10.7033 24.181
0.0611 3.1368 0.0371 20.0145
0.0621 4.1273 15.1828 25.9308
0.063 3.7846 8.7541 23.4196
0.064 4.5103 19.1883 27.4954
0.0649 4.0894 11.6857 24.5647
0.0659 3.5185 2.1255 20.8303
0.0668 4.6194 17.8142 26.9587
0.0678 4.5745 16.1851 26.3223
0.0687 4.3976 12.683 24.9543
0.0697 4.5557 14.077 25.4988
0.0706 4.0565 6.1412 22.3989
0.0716 4.0264 4.9598 21.9374
0.0725 4.4384 9.8934 23.8646
0.0735 3.8528 1.1466 20.4479
0.0744 4.1126 3.9618 21.5476
0.0754 4.4614 7.8851 23.0801
0.0763 4.7474 10.8887 24.2534
0.0773 5.2845 17.0607 26.6643
0.0782 4.2406 2.91 21.1367
0.0792 5.5856 19.2155 27.5061
0.0801 4.8232 8.8817 23.4694
0.0811 5.3736 14.9515 25.8404
0.082 5.6993 18.1464 27.0884
0.0829 5.2385 11.8074 24.6123
0.0839 5.662 16.1283 26.3001
0.0848 4.517 1.9095 20.7459
0.0858 5.5174 12.9523 25.0595
0.0867 5.0441 6.8054 22.6584
0.0877 5.7311 13.9889 25.4644
0.0886 5.0602 5.7389 22.2418
0.0896 5.4934 9.9561 23.8891
0.0905 5.0766 4.7205 21.8439
0.0915 6.2801 17.2568 26.7409
0.0924 5.4888 8.0147 23.1307
0.0934 5.1431 3.7182 21.4524
0.0943 5.8856 11.0119 24.3015
0.0953 4.9743 0.8531 20.3332
0.0962 6.4017 15.125 25.9082
0.0972 5.2502 2.6616 21.0397
0.0981 6.2349 12.1409 24.7425
0.0991 6.9878 19.1066 27.4635
0.1 6.7677 16.242 26.3445
0.101 7.0196 18.0912 27.0669
0.1019 6.167 9.1045 23.5564
0.1029 6.7441 14.1357 25.5218
0.1038 6.6958 13.0716 25.1061
0.1048 6.1263 7.069 22.7613
0.1057 6.0589 5.9068 22.3073
0.1066 6.5572 10.05 23.9258
0.1076 7.3822 17.1448 26.6972
0.1085 6.0414 4.2389 21.6558
0.1095 5.8186 1.7289 20.6754
0.1104 6.9295 11.2884 24.4095
0.1114 6.6342 8.1116 23.1686
0.1123 7.5213 15.4707 26.0432
0.1133 6.1844 3.1572 21.2333
0.1142 8.1443 19.7844 27.7283
0.1152 5.988 0.5578 20.2179
0.1161 7.3996 12.2316 24.778
0.1171 8.2048 18.5596 27.2498
0.118 8.0105 16.3555 26.3889
0.119 7.2239 9.2314 23.606
0.1199 7.7591 13.1907 25.1526
0.1209 7.989 14.574 25.693
0.1218 7.5481 10.4552 24.0841
0.1228 6.9167 4.8574 21.8974
0.1237 7.1178 6.0409 22.3597
0.1247 7.3387 7.3641 22.8766
0.1256 8.6655 17.4245 26.8064
0.1266 6.8033 2.269 20.8863
0.1275 8.0189 11.3497 24.4335
0.1285 9.1128 19.3514 27.5591
0.1294 6.8213 1.2198 20.4765
0.1303 8.7626 15.6429 26.1105
0.1313 9.1832 18.3395 27.1639
0.1322 7.2354 3.1925 21.2471
0.1332 7.9686 8.2729 23.2316
0.1341 8.7775 13.8419 25.407
0.1351 8.6419 12.3824 24.8369
0.136 8.2764 9.2631 23.6184
0.137 9.3281 16.4688 26.4331
0.1379 8.0291 6.6401 22.5938
0.1389 8.6009 10.3308 24.0355
0.1398 7.9856 5.5367 22.1628
0.1408 9.7291 17.4524 26.8173
0.1417 10.1513 19.9462 27.7915
0.1427 7.3923 0.2609 20.1019
0.1436 8.0124 4.2043 21.6423
0.1446 9.5842 14.6322 25.7157
0.1455 8.6019 7.4948 22.9277
0.1465 9.4727 13.0119 25.0828
0.1474 10.3341 18.3946 27.1854
0.1484 9.9774 15.5568 26.0769
0.1493 7.9566 1.6927 20.6612
0.1503 9.4095 10.9503 24.2775
0.1512 9.0863 8.4337 23.2944
0.1522 9.3246 9.6106 23.7541
0.1531 8.3223 2.7327 21.0675
0.154 10.5208 16.5537 26.4663
0.155 8.9544 6.1077 22.3858
0.1559 8.8349 4.9939 21.9507
0.1569 11.225 19.7575 27.7178
0.1578 10.9448 17.5639 26.8609
0.1588 8.318 0.7426 20.2901
0.1597 10.2243 12.2618 24.7898
0.1607 10.4703 13.3986 25.2338
0.1616 10.7153 14.5157 25.6702
0.1626 11.4606 18.6693 27.2927
0.1635 9.0271 3.5085 21.3705
0.1645 10.1972 10.2374 23.999
0.1654 10.0201 8.8179 23.4445
0.1664 9.8946 7.7228 23.0167
0.1673 11.2995 15.7001 26.1329
0.1683 10.6205 11.3191 24.4215
0.1692 8.9996 1.4749 20.5761
0.1702 9.9442 6.6732 22.6067
0.1711 11.7178 16.6102 26.4884
0.1721 9.3229 2.4478 20.9562
0.173 9.7305 4.4802 21.7501
0.174 9.9883 5.6379 22.2023
0.1749 12.171 17.6753 26.9044
0.1759 11.2818 12.292 24.8016
0.1768 12.4931 18.7241 27.3141
0.1777 11.5835 13.2799 25.1875
0.1787 11.8856 14.6031 25.7043
0.1796 10.963 9.168 23.5812
0.1806 9.3755 0.1491 20.0582
0.1815 10.8636 7.9823 23.1181
0.1825 10.0831 3.4384 21.3431
0.1834 12.4327 15.8146 26.1776
0.1844 11.4931 10.4241 24.0719
0.1853 12.7451 16.7795 26.5545
0.1863 10.9445 6.8714 22.6841
0.1872 13.3555 19.297 27.5379
0.1882 11.9288 11.4415 24.4693
0.1891 10.0408 1.2563 20.4907
0.1901 12.4968 13.7534 25.3724
0.191 12.3304 12.5629 24.9074
0.192 11.0929 5.8733 22.2943
0.1929 13.5735 18.2844 27.1423
0.1939 12.9705 14.8646 25.8065
0.1948 10.529 2.1614 20.8443
0.1958 12.0463 9.5476 23.7295
0.1967 11.9034 8.53 23.332
0.1977 11.7615 7.5274 22.9404
0.1986 13.7493 17.1168 26.6862
0.1996 13.5707 15.9003 26.2111
0.2005 11.33 4.549 21.777
0.2014 12.6039 10.5173 24.1083
0.2024 11.14 3.0867 21.2057
0.2033 12.9604 11.6552 24.5528
0.2043 11.9423 6.441 22.516
0.2052 14.5905 18.8883 27.3782
0.2062 10.7792 0.3353 20.131
0.2071 14.5151 17.8697 26.9804
0.2081 13.6018 13.2204 25.1642
0.209 13.9836 14.7195 25.7498
0.21 11.2107 1.4022 20.5477
0.2109 12.878 8.9455 23.4943
0.2119 12.1461 5.2659 22.057
0.2128 15.3162 19.6764 27.6861
0.2138 12.7775 7.6578 22.9913
0.2147 14.596 15.7288 26.1441
0.2157 13.8699 12.1107 24.7307
0.2166 14.9478 16.7231 26.5325
0.2176 11.8359 2.3406 20.9143
0.2185 12.1407 3.4735 21.3568
0.2195 15.5479 18.5046 27.2284
0.2204 14.5858 13.9007 25.43
0.2214 13.0091 6.6069 22.5808
0.2223 13.9857 10.6723 24.1689
0.2233 13.7848 9.516 23.7172
0.2242 11.811 0.5948 20.2323
0.2251 12.7289 4.3769 21.7097
0.2261 15.2102 14.9225 25.8291
0.227 13.1234 5.6042 22.1891
0.228 16.3446 19.2427 27.5167
0.2289 13.8888 8.4016 23.2819
0.2299 15.7166 15.9573 26.2333
0.2308 13.7718 7.3968 22.8894
0.2318 14.7779 11.4109 24.4574
0.2327 15.135 12.653 24.9426
0.2337 16.4868 18.0635 27.0561
0.2346 12.5649 1.3657 20.5335
0.2356 15.5556 13.6058 25.3148
0.2365 16.433 16.9764 26.6314
0.2375 12.9503 2.3048 20.9003
0.2384 14.894 10.0813 23.938
0.2394 17.2907 19.6494 27.6755
0.2403 14.117 6.4078 22.503
0.2413 14.8228 9.0409 23.5316
0.2422 13.8582 4.8915 21.9107
0.2432 16.2659 14.3698 25.6132
0.2441 16.7344 15.9859 26.2445
0.2451 15.7647 11.8378 24.6241
0.246 12.9494 0.3725 20.1455
0.247 15.6291 10.796 24.2172
0.2479 17.4258 17.6474 26.8935
0.2488 13.9822 3.8227 21.4932
0.2498 14.8743 7.1019 22.7742
0.2507 16.3934 12.8028 25.0011
0.2517 17.9948 18.7789 27.3355
0.2526 13.6172 1.5476 20.6045
0.2536 15.3633 8.0793 23.156
0.2545 14.7969 5.6716 22.2155
0.2555 14.0961 2.7682 21.0813
0.2564 17.3529 14.9805 25.8518
0.2574 16.0479 9.7679 23.8156
0.2583 17.7603 16.0144 26.2556
0.2593 17.2053 13.6649 25.3379
0.2602 16.7927 11.8682 24.636
0.2612 14.8637 4.4114 21.7232
0.2621 18.9212 19.3242 27.5485
0.2631 18.631 17.9805 27.0236
0.264 16.7759 10.8578 24.2413
0.265 18.4688 16.864 26.5875
0.2659 16.277 8.5621 23.3446
0.2669 14.9275 3.4033 21.3294
0.2678 17.5131 12.623 24.9309
0.2688 14.6076 1.8373 20.7177
0.2697 16.1623 7.2659 22.8382
0.2707 18.185 14.3406 25.6018
0.2716 15.9964 6.2413 22.438
0.2725 18.5946 15.3269 25.9871
0.2735 19.5463 18.4771 27.2176
0.2744 15.8501 5.0961 21.9907
0.2754 18.2371 13.3393 25.2107
0.2763 19.4221 17.2848 26.7519
0.2773 17.3974 9.9248 23.8769
0.2782 17.8321 11.2271 24.3856
0.2792 17.2329 8.9136 23.4819
0.2801 14.9225 0.6687 20.2612
0.2811 17.05 7.8527 23.0675
0.282 19.4838 16.0429 26.2668
0.283 20.4517 19.1338 27.4741
0.2839 16.1169 4.0312 21.5747
0.2849 18.5043 11.9895 24.6834
0.2858 15.6177 1.9456 20.76
0.2868 17.0276 6.5406 22.5549
0.2877 20.4479 17.8974 26.9912
0.2887 19.6271 14.8936 25.8178
0.2896 16.1349 2.9454 21.1505
0.2906 16.9454 5.4691 22.1364
0.2915 19.1955 12.7729 24.9894
0.2925 19.5746 13.8124 25.3955
0.2934 18.6838 10.6414 24.1568
0.2944 18.3875 9.4529 23.6925
0.2953 20.6876 16.8076 26.5655
0.2962 18.1235 8.1762 23.1938
0.2972 17.8761 7.1675 22.7998
0.2981 21.6557 19.2699 27.5273
0.2991 16.0275 0.7794 20.3045
0.3 19.4085 11.5332 24.5052
0.301 17.2736 4.4458 21.7366
0.3019 20.8099 15.6142 26.0993
0.3029 21.5061 17.6196 26.8827
